                                                             
                                                             
                                                             
                                                             
                                                             
                                          [0;35;5;40;100m t[0;32;40m%[0;34;40m%[0;1;30;90;40m@XSX8[0;36;5;40;100m:[0m         
     [0;1;30;90;47m8[0;1;31;91;41mS...............................[0;30;41m%[0;31;40mX[0;34;40m:[0;1;30;90;40m8[0;36;5;40;100mS; [0;37;5;40;100m8[0;36;5;40;100m. [0;1;30;90;47mX [0;1;37;97;47m%[0;1;30;90;47mt[0;36;5;40;100m [0;30;5;40;100mX[0;34;40mt[0;37;5;40;100mX[0m     
    [0;1;31;91;41m:;..............................[0;30;41m.[0;31;40mX[0;34;40m:[0;30;5;40;100m8[0;36;5;40;100m:  [0;37;5;40;100m8[0;36;5;40;100m. [0;1;30;90;47mS[0;36;5;40;100m%:: [0;1;30;90;47m [0;1;37;97;47mS8 [0;36;5;40;100mS[0;31;40m:[0m    
   [0;1;31;91;41m.......;[0;33;41m;[0;1;31;91;41mt[0;33;41m:[0;1;31;91;41m:............:[0;33;41m8[0;33;5;41;101m8[0;1;31;91;43m8[0;31;43m@[0;1;31;91;41m8[0;33;41m:[0;1;31;91;41m.[0;30;41m:[0;31;40mt[0;32;40m;[0;36;5;40;100mt [0;37;5;40;100m8[0;36;5;40;100m.[0;37;5;40;100m8[0;36;5;40;100mt[0;1;30;90;47mS[0;1;30;90;46m8[0;36;5;40;100m [0;1;30;90;47mS[0;1;30;90;46m8[0;1;30;90;47mS[0;36;5;40;100mt;:[0;1;30;90;47mt[0;1;37;97;47m%@[0;37;5;40;100m@[0;32;40m:[0;35;5;40;100m.[0m  
   [0;1;31;91;41m....[0;33;41m%[0;31;43m8[0;1;30;90;43m8888[0;31;43m8[0;1;30;90;41m8[0;33;41m8%;[0;1;31;91;41m........[0;33;41m8[0;33;5;43;103m [0;1;31;91;5;43;103m8[0;33;5;43;103m [0;1;31;91;5;43;103m8[0;33;5;43;103m  [0;33;5;41;101mt[0;33;41m@[0;31;40mX[0;34;40m;[0;36;5;40;100mX   [0;36;47m8[0;36;5;40;100m:[0;37;46m8[0;1;30;90;46m8[0;36;47m8[0;37;46m@[0;36;47m8[0;37;5;46;106m8[0;36;47m8[0;37;5;46;106m8[0;36;47m8[0;37;46m@[0;36;5;40;100mt [0;1;37;97;47m88[0;36;5;40;100m:[0;34;40m:[0m  
   [0;1;31;91;41m...[0;33;41mt[0;1;30;90;43mt[0;1;33;93;47mX[0;37;5;43;103m8[0;1;33;93;47m@[0;1;30;90;47m%@8[0;36;5;40;100m [0;33;5;40;100mt[0;1;30;90;43m.[0;1;31;91;43m8[0;31;43m%[0;1;31;91;41mt.....8[0;33;5;43;103m [0;33;5;41;101m [0;33;5;43;103mt[0;33;41m@[0;31;43m8[0;1;31;91;43m8[0;33;5;43;103m  [0;33;5;41;101m@[0;32;40m;;[0;36;5;40;100m. [0;1;30;90;47m%[0;36;5;40;100m%[0;1;30;90;47mX[0;36;47m8[0;1;32;92;47m8[0;1;36;96;47m8[0;37;5;46;106m88888[0;1;36;96;47mS[0;37;5;46;106m8[0;1;36;96;47mS[0;36;47m8[0;36;5;40;100m.[0;1;30;90;47m@[0;1;37;97;47m8[0;1;30;90;47m [0;32;40m8[0;34;5;40;100m8[0m 
   [0;1;31;91;41m..:X[0;1;30;90;43m:[0;1;31;91;5;43;103mX[0;33;5;43;103m [0;1;31;91;5;43;103m8[0;31;40m@%[0;1;30;90;40m@[0;32;40mt[0;34;40m:[0;31;40m@[0;33;5;43;103m  [0;1;31;91;41mX....[0;33;41mS[0;33;5;43;103m [0;33;5;41;101m [0;1;33;93;43m@[0;31;40m;;;[0;34;40m:[0;30;41mX[0;1;33;93;43m.[0;33;5;43;103m:[0;34;40m:%[0;36;5;40;100m. ; [0;1;36;96;47m8[0;37;5;42;102m8[0;36;47m8[0;1;30;90;46m8[0;37;46mX8@8[0;36;47m8[0;37;5;42;102m8[0;1;37;97;47m [0;1;36;96;5;42;102m8[0;1;30;90;47m8[0;37;46m8[0;36;5;40;100m;[0;1;30;90;47mt[0;37;46m8[0;1;30;90;46m:[0;31;40mS[0m 
   [0;1;30;90;41m;[0;1;31;91;41m:[0;33;41m.[0;1;31;91;41m;[0;1;31;91;43m8[0;33;5;43;103m [0;1;31;91;47m@[0;1;37;97;47m8[0;1;33;93;47m@[0;33;5;40;100m8[0;31;40m8[0;31;5;40;100m@[0;31;43m@[0;1;33;93;43mt[0;1;31;91;5;43;103m8[0;31;5;41;101m@[0;33;41m:[0;1;31;91;41m...:[0;1;31;91;43m8[0;33;5;43;103m [0;1;30;90;43m.[0;31;40m%[0;34;40m:[0;32;40m:[0;34;40m:[0;31;40m:t[0;30;41mS[0;1;31;91;43m8[0;31;40m8[0;32;40mt[0;36;5;40;100m@ [0;1;30;90;47m%[0;36;5;40;100m%[0;37;5;40;100mS[0;1;32;92;47mXX[0;1;36;96;47m8[0;1;32;92;46m8[0;36;47m8[0;37;46m@[0;1;32;92;47m8[0;1;36;96;47m@[0;1;33;93;5;42;102m8[0;1;36;96;47mS[0;1;32;92;47m@[0;36;47m8[0;33;5;40;100m [0;37;5;40;100m@[0;36;5;40;100m%[0;1;30;90;46m8[0;34;40mt[0;37;5;40;100mX[0m 
   [0;31;5;40;100mX[0;1;31;91;41mS.::[0;31;5;41;101m8[0;33;5;43;103m:[0;1;31;91;5;43;103m8[0;33;5;43;103m:::[0;1;31;91;43m8[0;33;5;43;103m [0;33;5;41;101m:[0;31;43m8[0;1;31;91;41mt:...[0;1;31;91;43m8[0;33;5;43;103m [0;1;31;91;41m8[0;32;40mt[0;31;40m;[0;34;40m:[0;31;40m:[0;32;40m:[0;34;40m:[0;32;40m:;[0;31;5;40;100mS[0;31;43m.[0;31;40mt[0;34;40mt[0;36;5;40;100m@; [0;1;30;90;47m8[0;1;30;90;46m8[0;1;32;92;47mX@[0;1;37;97;47m [0;37;5;42;102m8[0;1;36;96;47mX[0;37;5;42;102m8[0;1;32;92;47mS[0;1;36;96;47mX[0;37;5;42;102m8[0;1;30;90;47m8[0;33;5;40;100m [0;1;30;90;47m8[0;1;30;90;46m8[0;36;5;40;100m [0;32;40m8[0;34;40mt[0m  
   [0;1;30;90;47m8[0;1;31;91;41mt.....;SX88[0;33;41mt[0;1;31;91;41mt;...:[0;1;31;91;43m8[0;33;5;43;103m [0;33;41m;[0;32;40m;[0;31;40m;[0;34;40m:[0;32;40m;[0;34;40m:[0;31;40m:[0;34;40m:[0;31;40m;[0;32;40m:[0;31;40m:@[0;1;30;90;43m [0;31;40mX[0;32;40mt[0;36;5;40;100m8S [0;1;30;90;47m8[0;36;5;40;100m.[0;37;5;40;100mX[0;37;46m8[0;33;47m8[0;1;32;92;47m8[0;1;30;90;47m8[0;36;47m8[0;1;30;90;43m8[0;1;30;90;47m8[0;1;30;90;46m8[0;1;30;90;47m8[0;36;5;40;100mX[0;32;5;40;100m8[0;32;40mt[0;1;30;90;40m8[0m [0;34;40m;[0m 
    [0;1;31;91;41m......[0;35;41m.:[0;1;31;91;41m:[0;33;41m;;[0;1;31;91;41m;[0;33;41m.[0;1;31;91;41m..[0;33;41mt[0;1;31;91;43m8[0;33;5;43;103m.[0;1;31;91;43m8[0;30;41m8[0;32;40m:[0;34;40m:[0;32;40m:[0;31;40m:[0;34;40m:[0;31;40m:[0;32;40m:[0;34;40m:[0;32;40m:[0;31;40m:[0;32;40m::[0;31;40mt[0;1;30;90;43m;[0;33;41m8[0;31;40m:[0;32;40m%[0;30;5;40;100m8[0;36;5;40;100m8X:.[0;1;30;90;46m8[0;37;5;40;100mX[0;36;5;40;100m;.[0;1;30;90;46m8[0;36;5;40;100m.S[0;30;42m@[0;32;40mt[0;31;40mX[0;30;41m%[0m    
    [0;1;31;91;41m.........:..;[0;31;43m8[0;1;31;91;43m8[0;33;5;43;103m [0;1;31;91;5;43;103m8[0;1;31;91;43m8[0;32;40m;[0;31;40m;[0;34;40m:[0;31;40m:[0;34;40m:[0;32;40m:[0;31;40m:[0;34;40m:[0;32;40m:[0;31;40m;[0;34;40m:[0;32;40m:[0;34;40m:[0;31;40m:[0;34;40m:[0;31;40m.8[0;33;5;43;103m:[0;31;43mS8[0;31;40m%[0;32;40mSX8[0;30;5;40;100m8[0;32;40m8[0;32;5;40;100m8[0;32;40mX@S[0;31;40m@[0;30;41m@[0;1;30;90;41m;[0;35;41m.[0;1;30;90;41mX[0m    
    [0;1;31;91;41m.........%[0;1;31;91;43m8[0;1;33;93;43m:[0;1;31;91;5;43;103m@[0;33;5;43;103m [0;1;33;93;5;41;101m8[0;1;31;91;5;43;103m8[0;33;5;43;103m [0;1;31;91;5;43;103m8[0;31;43m;[0;31;40mt[0;32;40m;[0;34;40m:[0;31;40m:[0;34;40m:[0;32;40m;[0;31;40m:[0;34;40m;[0;32;40m:[0;31;40m:[0;34;40m:[0;31;40m:[0;32;40m:[0;34;40m:[0;31;40m8[0;33;5;43;103m;[0;1;31;91;5;43;103m8[0;33;5;43;103m [0;1;31;91;43m8[0;33;5;43;103m [0;33;5;41;101m;[0;1;33;93;43mX[0;1;31;91;43m8[0;31;43mX[0;1;30;90;41m;[0;30;41mS[0;35;41m;:[0;1;31;91;41m:[0;1;30;90;41m:[0;1;31;91;41m. :[0;35;5;40;100m;[0m    
    [0;1;30;90;41mX[0;1;31;91;41m;.......[0;33;41m:[0;1;31;91;41mSXttt;;t@[0;1;30;90;43m;[0;31;40m;[0;34;40m:[0;32;40m:[0;31;40m;[0;34;40m;[0;32;40m:[0;31;40m:[0;34;40m:[0;32;40m:[0;31;40m:[0;34;40m:[0;32;40m:[0;30;41m8[0;31;43m.[0;1;31;91;41m8;;t:[0;33;41m;[0;1;31;91;41m%;;[0;35;41m.[0;1;31;91;41m.[0;30;41m [0;1;31;91;41m.....t[0m     
    [0;35;5;40;100m.[0;1;31;91;41mX.......:[0;33;41m.[0;1;31;91;41m.......:;[0;30;41mX[0;32;40m;[0;34;40m:[0;32;40m:[0;31;40m:[0;34;40m:[0;32;40m:[0;31;40m;[0;34;40m;[0;32;40m;[0;31;40m:%[0;31;43m8[0;1;31;91;41mX.....:[0;35;41m.[0;1;31;91;41m...........[0m     
     [0;1;31;91;41m...................[0;33;41m.[0;30;41m%[0;31;40mt[0;34;40m:[0;32;40m:[0;31;40m:[0;34;40m;[0;32;40m:[0;31;40m:[0;34;40m:[0;31;40m@[0;1;30;90;41m;[0;1;31;91;41m;...................[0m     
     [0;1;30;90;41m8[0;1;31;91;41mt...................[0;1;30;90;41m:[0;31;40m;[0;34;40m:[0;32;40m:[0;31;40m:[0;34;40m:[0;32;40m:[0;30;41m@[0;1;31;91;41m.:...................[0m      
      [0;37;5;40;100mt[0;1;31;91;41mX...................[0;30;41m%[0;32;40m:[0;34;40m:[0;31;40m:[0;32;40m:[0;31;40m@[0;35;41m:[0;1;31;91;41m...................[0;1;30;90;41m%[0m       
         [0;1;30;90;41m8[0;1;31;91;41mt.................[0;31;40mX[0;32;40m:[0;34;40m:[0;31;40m:[0;30;41m;[0;1;31;91;41m.................:[0;35;5;40;100m;[0m         
                            [0;35;5;40;100m [0;31;40mt[0;34;40m:[0;1;30;90;40m8[0m                             
                             [0;1;30;90;40mS[0;32;40m:[0m                              
                                                             
                                                             
                                                             
                                                             
